111010000
111101000
011100101
111101100
111100100
100100100
000000111
000110111
000010111
111100100
100100000
111101000
100101000
000001000
001000000
111101001
111100010
111101101
111101101
111101101
000000111
111001100
011000100
111000101
100100000
000100111
000101000
100101100
111101101
111101101
111101101
000111100
100111101
000110111
000111100
000110011
111000010
101110000
100100001
000100111
000101000
100101100
111101101
111101101
111101101
000110111
000111100
100111100
000110111
000111100
000110011
111110010
000110111
100000000
000110000
000111110
111001101
111001101
111000010
101110000
111001100
111001100
100100000
000100111
000101000
100101100
111101101
111101101
111101101
000110111
000111100
100111101
000110111
000111100
000110011
111000010
101110000
100100010
000100111
000101000
100101100
111101101
111101101
111101101
000110111
000111100
100111100
000110111
000111100
000110011
111110010
000110111
100000000
000110000
000111110
111001101
111001001
111000010
101110000
111001100
111001000
100100011
000100111
000101000
100101100
111101101
111101101
111101101
000110111
000111100
100111101
000110111
000111100
000110011
111000010
101110000
111101100
100100001
000100111
000101000
100101100
111101101
111101101
000110111
000111100
100111100
000110111
000111100
000110011
111110010
000110111
100000000
000110000
000111110
111001101
111000101
111000010
101110000
111001100
111000100
100100010
000100111
000101000
100101100
111101101
111101101
000110111
000111100
100111101
000110111
000111100
000110011
111000010
101110000
100100011
000100111
000101000
100101100
111101101
111101101
000110111
000111100
100111100
000110111
000111100
000110011
111110010
000110111
100000000
000110000
000111110
111001101
111000010
101110000
111001100
000100111
000101000
100101100
111101101
111101101
000110111
000111100
100111101
000110111
000111100
011110100
111000010
101110000
000100111
000101000
100101100
111101101
111101101
000110111
000111100
100111100
000110111
000111100
010110100
100001100
000111100
011110001
111001101
111001101
100001100
000111100
111001100
111001100
101110001
000100111
000101000
100101100
111101101
111101101
000110111
000111100
100111100
000110111
000111100
111101001
000100111
000101000
100101100
000110111
000111100
100111100
000110111
000111100
111101001
100101100
000111111
111000010
101110000
111101000
100101100
000110111
000111100
100111100
000110111
000111100
010110001
011110001
111001101
111001001
100001100
000000111
000000000
000111100
011110001
100001100
000110000
011110001
111001101
111000101
100001100
000111100
011110001
100001101
000111100
011110001
111001100
111000100
101110010
100001101
000111110
100001110
000111100
100101101
101111100
100000001
000110111
000110000
101111101
100101100
000110111
000111100
111111000
101111000
100101101
000110111
000111100
111111000
101111001
111100101
110000000
